version: 1

model:
  name: ramzi
  entrypoint: ramzi
  matlab_dir: backend/model/MATLAB

simulation:
  wavelength_nm:
    start: 1549.9230
    stop: 1550.2032
    step: 0.0002

outputs:
  observe_port: C2

parameters:
  tunable:
    thetai:
      value: 1.5707963267948966
      bounds: [0.0, 6.283185307179586]
    thetao:
      value: 1.5707963267948966
      bounds: [0.0, 6.283185307179586]
    fait:
      value: 1.5550883635269477
      bounds: [-3.141592653589793, 3.141592653589793]
    faib:
      value: -1.5550883635269477
      bounds: [-3.141592653589793, 3.141592653589793]
    fai1:
      value: -0.1470265361880023
      bounds: [-3.141592653589793, 3.141592653589793]
    fai2:
      value: -2.1494776935861366
      bounds: [-3.141592653589793, 3.141592653589793]
    fai3:
      value: -0.1627344994559513
      bounds: [-3.141592653589793, 3.141592653589793]
    fai4:
      value: -1.9471591266949537
      bounds: [-3.141592653589793, 3.141592653589793]

  fixed:
    E1:
      real: 0.0
      imag: 0.0
    E2:
      real: 1.0
      imag: 0.0
    Ki: 0.5
    Ko: 0.5
    theta1: -1.9540706305328512
    theta2: -2.2933626371205489
    theta3: -1.9540706305328512
    theta4: -2.2933626371205489
    Alfadb: 15.0
    ng: 4.3
    L1: 0.00035
    L2: 0.003
    L3: 0.00035
    L4: 0.003
    c: 300000000.0
